TDNTuple4Agt: USESYM:false, nSym:0, P:12, NORMALIZE:false, sigmoid:none, lambda:0.0, horizon:1, AFTERSTATE:false, learnFromRM: true
TDNTuple4Agt: alpha_init->final:0.25->0.25, epsilon_init->final:0.0->0.0, gamma: 1.0, random 120 7-tuple, evalQ: 1, evalT: -1
from: multiEval/TCL4-p20-ET23-5000k-120-7t-nsym00_00.agt.zip
run; agtFile; gameNum; nSym; pMinEval; pMaxEval; evalQ; evalT; totalSec; iterMWrap; userVal2
0; multiEval/TCL4-p20-ET23-5000k-120-7t-nsym00_01.agt.zip; 5000000; 0; 1; 1; 1.0; 0.0; 0.048; 0.0; 0.0
1; multiEval/TCL4-p20-ET23-5000k-120-7t-nsym00_01.agt.zip; 5000000; 0; 1; 1; 1.0; 0.0; 0.163; 100.0; 0.0
2; multiEval/TCL4-p20-ET23-5000k-120-7t-nsym00_01.agt.zip; 5000000; 0; 1; 1; 1.0; 0.0; 1.792; 800.0; 0.0
0; multiEval/TCL4-p20-ET23-5000k-120-7t-nsym00_01.agt.zip; 5000000; 0; 2; 2; 1.0; 0.0; 0.029; 0.0; 0.0
1; multiEval/TCL4-p20-ET23-5000k-120-7t-nsym00_01.agt.zip; 5000000; 0; 2; 2; 1.0; 0.0; 0.669; 100.0; 0.0
2; multiEval/TCL4-p20-ET23-5000k-120-7t-nsym00_01.agt.zip; 5000000; 0; 2; 2; 1.0; 0.0; 4.131; 800.0; 0.0
0; multiEval/TCL4-p20-ET23-5000k-120-7t-nsym00_01.agt.zip; 5000000; 0; 3; 3; 1.0; 0.0; 0.044; 0.0; 0.0
1; multiEval/TCL4-p20-ET23-5000k-120-7t-nsym00_01.agt.zip; 5000000; 0; 3; 3; 1.0; 0.0; 0.856; 100.0; 0.0
2; multiEval/TCL4-p20-ET23-5000k-120-7t-nsym00_01.agt.zip; 5000000; 0; 3; 3; 1.0; 0.0; 6.044; 800.0; 0.0
0; multiEval/TCL4-p20-ET23-5000k-120-7t-nsym00_01.agt.zip; 5000000; 0; 4; 4; 1.0; 0.0; 0.057; 0.0; 0.0
1; multiEval/TCL4-p20-ET23-5000k-120-7t-nsym00_01.agt.zip; 5000000; 0; 4; 4; 1.0; 0.0; 1.298; 100.0; 0.0
2; multiEval/TCL4-p20-ET23-5000k-120-7t-nsym00_01.agt.zip; 5000000; 0; 4; 4; 0.995; 0.0; 8.868; 800.0; 0.0
0; multiEval/TCL4-p20-ET23-5000k-120-7t-nsym00_01.agt.zip; 5000000; 0; 5; 5; 1.0; 0.0; 0.053; 0.0; 0.0
1; multiEval/TCL4-p20-ET23-5000k-120-7t-nsym00_01.agt.zip; 5000000; 0; 5; 5; 1.0; 0.0; 1.512; 100.0; 0.0
2; multiEval/TCL4-p20-ET23-5000k-120-7t-nsym00_01.agt.zip; 5000000; 0; 5; 5; 1.0; 0.0; 10.414; 800.0; 0.0
0; multiEval/TCL4-p20-ET23-5000k-120-7t-nsym00_01.agt.zip; 5000000; 0; 6; 6; 0.985; 0.0; 0.092; 0.0; 0.0
1; multiEval/TCL4-p20-ET23-5000k-120-7t-nsym00_01.agt.zip; 5000000; 0; 6; 6; 1.0; 0.0; 1.984; 100.0; 0.0
2; multiEval/TCL4-p20-ET23-5000k-120-7t-nsym00_01.agt.zip; 5000000; 0; 6; 6; 0.995; 0.0; 13.696; 800.0; 0.0
0; multiEval/TCL4-p20-ET23-5000k-120-7t-nsym00_01.agt.zip; 5000000; 0; 7; 7; 0.875; 0.0; 0.124; 0.0; 0.0
1; multiEval/TCL4-p20-ET23-5000k-120-7t-nsym00_01.agt.zip; 5000000; 0; 7; 7; 0.995; 0.0; 2.71; 100.0; 0.0
2; multiEval/TCL4-p20-ET23-5000k-120-7t-nsym00_01.agt.zip; 5000000; 0; 7; 7; 0.995; 0.0; 15.793; 800.0; 0.0
0; multiEval/TCL4-p20-ET23-5000k-120-7t-nsym00_01.agt.zip; 5000000; 0; 8; 8; 0.76; 0.0; 0.179; 0.0; 0.0
1; multiEval/TCL4-p20-ET23-5000k-120-7t-nsym00_01.agt.zip; 5000000; 0; 8; 8; 0.935; 0.0; 6.847; 100.0; 0.0
2; multiEval/TCL4-p20-ET23-5000k-120-7t-nsym00_01.agt.zip; 5000000; 0; 8; 8; 0.975; 0.0; 31.752; 800.0; 0.0
0; multiEval/TCL4-p20-ET23-5000k-120-7t-nsym00_01.agt.zip; 5000000; 0; 9; 9; 0.5700000000000001; 0.0; 0.266; 0.0; 0.0
1; multiEval/TCL4-p20-ET23-5000k-120-7t-nsym00_01.agt.zip; 5000000; 0; 9; 9; 0.86; 0.0; 11.576; 100.0; 0.0
2; multiEval/TCL4-p20-ET23-5000k-120-7t-nsym00_01.agt.zip; 5000000; 0; 9; 9; 0.915; 0.0; 72.583; 800.0; 0.0
0; multiEval/TCL4-p20-ET23-5000k-120-7t-nsym00_01.agt.zip; 5000000; 0; 10; 10; 0.43999999999999995; 0.0; 0.327; 0.0; 0.0
1; multiEval/TCL4-p20-ET23-5000k-120-7t-nsym00_01.agt.zip; 5000000; 0; 10; 10; 0.6950000000000001; 0.0; 21.676; 100.0; 0.0
2; multiEval/TCL4-p20-ET23-5000k-120-7t-nsym00_01.agt.zip; 5000000; 0; 10; 10; 0.795; 0.0; 143.698; 800.0; 0.0
0; multiEval/TCL4-p20-ET23-5000k-120-7t-nsym00_01.agt.zip; 5000000; 0; 11; 11; 0.30500000000000005; 0.0; 0.395; 0.0; 0.0
1; multiEval/TCL4-p20-ET23-5000k-120-7t-nsym00_01.agt.zip; 5000000; 0; 11; 11; 0.585; 0.0; 27.883; 100.0; 0.0
2; multiEval/TCL4-p20-ET23-5000k-120-7t-nsym00_01.agt.zip; 5000000; 0; 11; 11; 0.63; 0.0; 245.559; 800.0; 0.0
0; multiEval/TCL4-p20-ET23-5000k-120-7t-nsym00_01.agt.zip; 5000000; 0; 12; 12; 0.22499999999999998; 0.0; 0.421; 0.0; 0.0
1; multiEval/TCL4-p20-ET23-5000k-120-7t-nsym00_01.agt.zip; 5000000; 0; 12; 12; 0.49; 0.0; 32.715; 100.0; 0.0
2; multiEval/TCL4-p20-ET23-5000k-120-7t-nsym00_01.agt.zip; 5000000; 0; 12; 12; 0.45499999999999996; 0.0; 346.041; 800.0; 0.0
0; multiEval/TCL4-p20-ET23-5000k-120-7t-nsym00_01.agt.zip; 5000000; 0; 13; 13; 0.14500000000000002; 0.0; 0.464; 0.0; 0.0
1; multiEval/TCL4-p20-ET23-5000k-120-7t-nsym00_01.agt.zip; 5000000; 0; 13; 13; 0.31999999999999995; 0.0; 42.765; 100.0; 0.0
2; multiEval/TCL4-p20-ET23-5000k-120-7t-nsym00_01.agt.zip; 5000000; 0; 13; 13; 0.38; 0.0; 396.343; 800.0; 0.0
0; multiEval/TCL4-p20-ET23-5000k-120-7t-nsym00_01.agt.zip; 5000000; 0; 14; 14; 0.06499999999999995; 0.0; 0.493; 0.0; 0.0
1; multiEval/TCL4-p20-ET23-5000k-120-7t-nsym00_01.agt.zip; 5000000; 0; 14; 14; 0.20999999999999996; 0.0; 47.882; 100.0; 0.0
2; multiEval/TCL4-p20-ET23-5000k-120-7t-nsym00_01.agt.zip; 5000000; 0; 14; 14; 0.27; 0.0; 442.638; 800.0; 0.0
0; multiEval/TCL4-p20-ET23-5000k-120-7t-nsym00_01.agt.zip; 5000000; 0; 15; 15; 0.08499999999999996; 0.0; 0.497; 0.0; 0.0
1; multiEval/TCL4-p20-ET23-5000k-120-7t-nsym00_01.agt.zip; 5000000; 0; 15; 15; 0.21999999999999997; 0.0; 47.711; 100.0; 0.0
2; multiEval/TCL4-p20-ET23-5000k-120-7t-nsym00_01.agt.zip; 5000000; 0; 15; 15; 0.21999999999999997; 0.0; 467.459; 800.0; 0.0
0; multiEval/TCL4-p20-ET23-5000k-120-7t-nsym00_01.agt.zip; 5000000; 0; 16; 16; 0.050000000000000044; 0.0; 0.502; 0.0; 0.0
1; multiEval/TCL4-p20-ET23-5000k-120-7t-nsym00_01.agt.zip; 5000000; 0; 16; 16; 0.09499999999999997; 0.0; 54.049; 100.0; 0.0
2; multiEval/TCL4-p20-ET23-5000k-120-7t-nsym00_01.agt.zip; 5000000; 0; 16; 16; 0.13; 0.0; 522.892; 800.0; 0.0
0; multiEval/TCL4-p20-ET23-5000k-120-7t-nsym00_01.agt.zip; 5000000; 0; 17; 17; 0.04500000000000004; 0.0; 0.496; 0.0; 0.0
1; multiEval/TCL4-p20-ET23-5000k-120-7t-nsym00_01.agt.zip; 5000000; 0; 17; 17; 0.06999999999999995; 0.0; 55.335; 100.0; 0.0
2; multiEval/TCL4-p20-ET23-5000k-120-7t-nsym00_01.agt.zip; 5000000; 0; 17; 17; 0.11499999999999999; 0.0; 539.845; 800.0; 0.0
0; multiEval/TCL4-p20-ET23-5000k-120-7t-nsym00_01.agt.zip; 5000000; 0; 18; 18; 0.040000000000000036; 0.0; 0.527; 0.0; 0.0
1; multiEval/TCL4-p20-ET23-5000k-120-7t-nsym00_01.agt.zip; 5000000; 0; 18; 18; 0.03500000000000003; 0.0; 56.091; 100.0; 0.0
2; multiEval/TCL4-p20-ET23-5000k-120-7t-nsym00_01.agt.zip; 5000000; 0; 18; 18; 0.06000000000000005; 0.0; 558.348; 800.0; 0.0
0; multiEval/TCL4-p20-ET23-5000k-120-7t-nsym16_00.agt.zip; 5000000; 16; 1; 1; 1.0; 0.0; 0.128; 0.0; 0.0
1; multiEval/TCL4-p20-ET23-5000k-120-7t-nsym16_00.agt.zip; 5000000; 16; 1; 1; 1.0; 0.0; 0.137; 100.0; 0.0
2; multiEval/TCL4-p20-ET23-5000k-120-7t-nsym16_00.agt.zip; 5000000; 16; 1; 1; 1.0; 0.0; 8.458; 800.0; 0.0
0; multiEval/TCL4-p20-ET23-5000k-120-7t-nsym16_00.agt.zip; 5000000; 16; 2; 2; 1.0; 0.0; 0.222; 0.0; 0.0
1; multiEval/TCL4-p20-ET23-5000k-120-7t-nsym16_00.agt.zip; 5000000; 16; 2; 2; 1.0; 0.0; 4.808; 100.0; 0.0
2; multiEval/TCL4-p20-ET23-5000k-120-7t-nsym16_00.agt.zip; 5000000; 16; 2; 2; 1.0; 0.0; 17.864; 800.0; 0.0
0; multiEval/TCL4-p20-ET23-5000k-120-7t-nsym16_00.agt.zip; 5000000; 16; 3; 3; 1.0; 0.0; 0.365; 0.0; 0.0
1; multiEval/TCL4-p20-ET23-5000k-120-7t-nsym16_00.agt.zip; 5000000; 16; 3; 3; 1.0; 0.0; 9.285; 100.0; 0.0
2; multiEval/TCL4-p20-ET23-5000k-120-7t-nsym16_00.agt.zip; 5000000; 16; 3; 3; 1.0; 0.0; 24.94; 800.0; 0.0
0; multiEval/TCL4-p20-ET23-5000k-120-7t-nsym16_00.agt.zip; 5000000; 16; 4; 4; 1.0; 0.0; 0.516; 0.0; 0.0
1; multiEval/TCL4-p20-ET23-5000k-120-7t-nsym16_00.agt.zip; 5000000; 16; 4; 4; 1.0; 0.0; 14.704; 100.0; 0.0
2; multiEval/TCL4-p20-ET23-5000k-120-7t-nsym16_00.agt.zip; 5000000; 16; 4; 4; 1.0; 0.0; 39.608; 800.0; 0.0
0; multiEval/TCL4-p20-ET23-5000k-120-7t-nsym16_00.agt.zip; 5000000; 16; 5; 5; 1.0; 0.0; 0.65; 0.0; 0.0
1; multiEval/TCL4-p20-ET23-5000k-120-7t-nsym16_00.agt.zip; 5000000; 16; 5; 5; 1.0; 0.0; 19.019; 100.0; 0.0
2; multiEval/TCL4-p20-ET23-5000k-120-7t-nsym16_00.agt.zip; 5000000; 16; 5; 5; 1.0; 0.0; 58.501; 800.0; 0.0
0; multiEval/TCL4-p20-ET23-5000k-120-7t-nsym16_00.agt.zip; 5000000; 16; 6; 6; 0.995; 0.0; 0.872; 0.0; 0.0
1; multiEval/TCL4-p20-ET23-5000k-120-7t-nsym16_00.agt.zip; 5000000; 16; 6; 6; 1.0; 0.0; 22.442; 100.0; 0.0
2; multiEval/TCL4-p20-ET23-5000k-120-7t-nsym16_00.agt.zip; 5000000; 16; 6; 6; 1.0; 0.0; 79.663; 800.0; 0.0
0; multiEval/TCL4-p20-ET23-5000k-120-7t-nsym16_00.agt.zip; 5000000; 16; 7; 7; 0.975; 0.0; 1.212; 0.0; 0.0
1; multiEval/TCL4-p20-ET23-5000k-120-7t-nsym16_00.agt.zip; 5000000; 16; 7; 7; 1.0; 0.0; 25.261; 100.0; 0.0
2; multiEval/TCL4-p20-ET23-5000k-120-7t-nsym16_00.agt.zip; 5000000; 16; 7; 7; 0.995; 0.0; 108.533; 800.0; 0.0
0; multiEval/TCL4-p20-ET23-5000k-120-7t-nsym16_00.agt.zip; 5000000; 16; 8; 8; 0.87; 0.0; 2.096; 0.0; 0.0
1; multiEval/TCL4-p20-ET23-5000k-120-7t-nsym16_00.agt.zip; 5000000; 16; 8; 8; 0.99; 0.0; 35.571; 100.0; 0.0
2; multiEval/TCL4-p20-ET23-5000k-120-7t-nsym16_00.agt.zip; 5000000; 16; 8; 8; 1.0; 0.0; 125.222; 800.0; 0.0
0; multiEval/TCL4-p20-ET23-5000k-120-7t-nsym16_00.agt.zip; 5000000; 16; 9; 9; 0.785; 0.0; 3.04; 0.0; 0.0
1; multiEval/TCL4-p20-ET23-5000k-120-7t-nsym16_00.agt.zip; 5000000; 16; 9; 9; 0.975; 0.0; 53.54; 100.0; 0.0
2; multiEval/TCL4-p20-ET23-5000k-120-7t-nsym16_00.agt.zip; 5000000; 16; 9; 9; 0.995; 0.0; 193.789; 800.0; 0.0
0; multiEval/TCL4-p20-ET23-5000k-120-7t-nsym16_00.agt.zip; 5000000; 16; 10; 10; 0.6599999999999999; 0.0; 4.067; 0.0; 0.0
1; multiEval/TCL4-p20-ET23-5000k-120-7t-nsym16_00.agt.zip; 5000000; 16; 10; 10; 0.91; 0.0; 111.942; 100.0; 0.0
2; multiEval/TCL4-p20-ET23-5000k-120-7t-nsym16_00.agt.zip; 5000000; 16; 10; 10; 0.94; 0.0; 628.26; 800.0; 0.0
0; multiEval/TCL4-p20-ET23-5000k-120-7t-nsym16_00.agt.zip; 5000000; 16; 11; 11; 0.54; 0.0; 5.443; 0.0; 0.0
1; multiEval/TCL4-p20-ET23-5000k-120-7t-nsym16_00.agt.zip; 5000000; 16; 11; 11; 0.785; 0.0; 228.429; 100.0; 0.0
2; multiEval/TCL4-p20-ET23-5000k-120-7t-nsym16_00.agt.zip; 5000000; 16; 11; 11; 0.875; 0.0; 1085.492; 800.0; 0.0
0; multiEval/TCL4-p20-ET23-5000k-120-7t-nsym16_00.agt.zip; 5000000; 16; 12; 12; 0.42500000000000004; 0.0; 7.277; 0.0; 0.0
1; multiEval/TCL4-p20-ET23-5000k-120-7t-nsym16_00.agt.zip; 5000000; 16; 12; 12; 0.605; 0.0; 371.885; 100.0; 0.0
2; multiEval/TCL4-p20-ET23-5000k-120-7t-nsym16_00.agt.zip; 5000000; 16; 12; 12; 0.745; 0.0; 2013.05; 800.0; 0.0
0; multiEval/TCL4-p20-ET23-5000k-120-7t-nsym16_00.agt.zip; 5000000; 16; 13; 13; 0.24; 0.0; 8.133; 0.0; 0.0
1; multiEval/TCL4-p20-ET23-5000k-120-7t-nsym16_00.agt.zip; 5000000; 16; 13; 13; 0.53; 0.0; 450.129; 100.0; 0.0
2; multiEval/TCL4-p20-ET23-5000k-120-7t-nsym16_00.agt.zip; 5000000; 16; 13; 13; 0.585; 0.0; 3126.513; 800.0; 0.0
0; multiEval/TCL4-p20-ET23-5000k-120-7t-nsym16_00.agt.zip; 5000000; 16; 14; 14; 0.20999999999999996; 0.0; 7.903; 0.0; 0.0
1; multiEval/TCL4-p20-ET23-5000k-120-7t-nsym16_00.agt.zip; 5000000; 16; 14; 14; 0.41000000000000003; 0.0; 548.259; 100.0; 0.0
2; multiEval/TCL4-p20-ET23-5000k-120-7t-nsym16_00.agt.zip; 5000000; 16; 14; 14; 0.45999999999999996; 0.0; 4047.835; 800.0; 0.0
0; multiEval/TCL4-p20-ET23-5000k-120-7t-nsym16_00.agt.zip; 5000000; 16; 15; 15; 0.125; 0.0; 8.776; 0.0; 0.0
1; multiEval/TCL4-p20-ET23-5000k-120-7t-nsym16_00.agt.zip; 5000000; 16; 15; 15; 0.30000000000000004; 0.0; 649.103; 100.0; 0.0
2; multiEval/TCL4-p20-ET23-5000k-120-7t-nsym16_00.agt.zip; 5000000; 16; 15; 15; 0.375; 0.0; 4615.971; 800.0; 0.0
0; multiEval/TCL4-p20-ET23-5000k-120-7t-nsym16_00.agt.zip; 5000000; 16; 16; 16; 0.07499999999999996; 0.0; 9.073; 0.0; 0.0
1; multiEval/TCL4-p20-ET23-5000k-120-7t-nsym16_00.agt.zip; 5000000; 16; 16; 16; 0.255; 0.0; 675.702; 100.0; 0.0
2; multiEval/TCL4-p20-ET23-5000k-120-7t-nsym16_00.agt.zip; 5000000; 16; 16; 16; 0.36; 0.0; 4721.229; 800.0; 0.0
0; multiEval/TCL4-p20-ET23-5000k-120-7t-nsym16_00.agt.zip; 5000000; 16; 17; 17; 0.08499999999999996; 0.0; 9.091; 0.0; 0.0
1; multiEval/TCL4-p20-ET23-5000k-120-7t-nsym16_00.agt.zip; 5000000; 16; 17; 17; 0.15500000000000003; 0.0; 766.082; 100.0; 0.0
2; multiEval/TCL4-p20-ET23-5000k-120-7t-nsym16_00.agt.zip; 5000000; 16; 17; 17; 0.22999999999999998; 0.0; 5671.052; 800.0; 0.0
0; multiEval/TCL4-p20-ET23-5000k-120-7t-nsym16_00.agt.zip; 5000000; 16; 18; 18; 0.03500000000000003; 0.0; 9.406; 0.0; 0.0
1; multiEval/TCL4-p20-ET23-5000k-120-7t-nsym16_00.agt.zip; 5000000; 16; 18; 18; 0.08999999999999997; 0.0; 816.441; 100.0; 0.0
2; multiEval/TCL4-p20-ET23-5000k-120-7t-nsym16_00.agt.zip; 5000000; 16; 18; 18; 0.17500000000000004; 0.0; 5969.49; 800.0; 0.0
0; multiEval/TCL4-p20-ET23-5000k-120-7t-nsym16_02.agt.zip; 5000000; 16; 1; 1; 1.0; 0.0; 0.097; 0.0; 0.0
1; multiEval/TCL4-p20-ET23-5000k-120-7t-nsym16_02.agt.zip; 5000000; 16; 1; 1; 1.0; 0.0; 0.133; 100.0; 0.0
2; multiEval/TCL4-p20-ET23-5000k-120-7t-nsym16_02.agt.zip; 5000000; 16; 1; 1; 1.0; 0.0; 8.447; 800.0; 0.0
0; multiEval/TCL4-p20-ET23-5000k-120-7t-nsym16_02.agt.zip; 5000000; 16; 2; 2; 1.0; 0.0; 0.215; 0.0; 0.0
1; multiEval/TCL4-p20-ET23-5000k-120-7t-nsym16_02.agt.zip; 5000000; 16; 2; 2; 1.0; 0.0; 4.86; 100.0; 0.0
2; multiEval/TCL4-p20-ET23-5000k-120-7t-nsym16_02.agt.zip; 5000000; 16; 2; 2; 1.0; 0.0; 17.686; 800.0; 0.0
0; multiEval/TCL4-p20-ET23-5000k-120-7t-nsym16_02.agt.zip; 5000000; 16; 3; 3; 1.0; 0.0; 0.367; 0.0; 0.0
1; multiEval/TCL4-p20-ET23-5000k-120-7t-nsym16_02.agt.zip; 5000000; 16; 3; 3; 1.0; 0.0; 9.091; 100.0; 0.0
2; multiEval/TCL4-p20-ET23-5000k-120-7t-nsym16_02.agt.zip; 5000000; 16; 3; 3; 1.0; 0.0; 24.923; 800.0; 0.0
0; multiEval/TCL4-p20-ET23-5000k-120-7t-nsym16_02.agt.zip; 5000000; 16; 4; 4; 1.0; 0.0; 0.492; 0.0; 0.0
1; multiEval/TCL4-p20-ET23-5000k-120-7t-nsym16_02.agt.zip; 5000000; 16; 4; 4; 1.0; 0.0; 14.986; 100.0; 0.0
2; multiEval/TCL4-p20-ET23-5000k-120-7t-nsym16_02.agt.zip; 5000000; 16; 4; 4; 1.0; 0.0; 35.877; 800.0; 0.0
0; multiEval/TCL4-p20-ET23-5000k-120-7t-nsym16_02.agt.zip; 5000000; 16; 5; 5; 0.995; 0.0; 0.721; 0.0; 0.0
1; multiEval/TCL4-p20-ET23-5000k-120-7t-nsym16_02.agt.zip; 5000000; 16; 5; 5; 1.0; 0.0; 18.158; 100.0; 0.0
2; multiEval/TCL4-p20-ET23-5000k-120-7t-nsym16_02.agt.zip; 5000000; 16; 5; 5; 1.0; 0.0; 56.55; 800.0; 0.0
0; multiEval/TCL4-p20-ET23-5000k-120-7t-nsym16_02.agt.zip; 5000000; 16; 6; 6; 0.995; 0.0; 0.85; 0.0; 0.0
1; multiEval/TCL4-p20-ET23-5000k-120-7t-nsym16_02.agt.zip; 5000000; 16; 6; 6; 1.0; 0.0; 22.302; 100.0; 0.0
2; multiEval/TCL4-p20-ET23-5000k-120-7t-nsym16_02.agt.zip; 5000000; 16; 6; 6; 0.995; 0.0; 84.691; 800.0; 0.0
0; multiEval/TCL4-p20-ET23-5000k-120-7t-nsym16_02.agt.zip; 5000000; 16; 7; 7; 0.97; 0.0; 1.196; 0.0; 0.0
1; multiEval/TCL4-p20-ET23-5000k-120-7t-nsym16_02.agt.zip; 5000000; 16; 7; 7; 1.0; 0.0; 25.752; 100.0; 0.0
2; multiEval/TCL4-p20-ET23-5000k-120-7t-nsym16_02.agt.zip; 5000000; 16; 7; 7; 1.0; 0.0; 100.816; 800.0; 0.0
0; multiEval/TCL4-p20-ET23-5000k-120-7t-nsym16_02.agt.zip; 5000000; 16; 8; 8; 0.87; 0.0; 2.231; 0.0; 0.0
1; multiEval/TCL4-p20-ET23-5000k-120-7t-nsym16_02.agt.zip; 5000000; 16; 8; 8; 0.99; 0.0; 36.488; 100.0; 0.0
2; multiEval/TCL4-p20-ET23-5000k-120-7t-nsym16_02.agt.zip; 5000000; 16; 8; 8; 1.0; 0.0; 121.599; 800.0; 0.0
0; multiEval/TCL4-p20-ET23-5000k-120-7t-nsym16_02.agt.zip; 5000000; 16; 9; 9; 0.75; 0.0; 3.429; 0.0; 0.0
1; multiEval/TCL4-p20-ET23-5000k-120-7t-nsym16_02.agt.zip; 5000000; 16; 9; 9; 0.98; 0.0; 53.377; 100.0; 0.0
2; multiEval/TCL4-p20-ET23-5000k-120-7t-nsym16_02.agt.zip; 5000000; 16; 9; 9; 0.995; 0.0; 171.835; 800.0; 0.0
0; multiEval/TCL4-p20-ET23-5000k-120-7t-nsym16_02.agt.zip; 5000000; 16; 10; 10; 0.6950000000000001; 0.0; 3.92; 0.0; 0.0
1; multiEval/TCL4-p20-ET23-5000k-120-7t-nsym16_02.agt.zip; 5000000; 16; 10; 10; 0.87; 0.0; 145.768; 100.0; 0.0
2; multiEval/TCL4-p20-ET23-5000k-120-7t-nsym16_02.agt.zip; 5000000; 16; 10; 10; 0.935; 0.0; 658.194; 800.0; 0.0
0; multiEval/TCL4-p20-ET23-5000k-120-7t-nsym16_02.agt.zip; 5000000; 16; 11; 11; 0.53; 0.0; 5.295; 0.0; 0.0
1; multiEval/TCL4-p20-ET23-5000k-120-7t-nsym16_02.agt.zip; 5000000; 16; 11; 11; 0.84; 0.0; 175.172; 100.0; 0.0
2; multiEval/TCL4-p20-ET23-5000k-120-7t-nsym16_02.agt.zip; 5000000; 16; 11; 11; 0.89; 0.0; 955.734; 800.0; 0.0
0; multiEval/TCL4-p20-ET23-5000k-120-7t-nsym16_02.agt.zip; 5000000; 16; 12; 12; 0.355; 0.0; 6.657; 0.0; 0.0
1; multiEval/TCL4-p20-ET23-5000k-120-7t-nsym16_02.agt.zip; 5000000; 16; 12; 12; 0.725; 0.0; 275.451; 100.0; 0.0
2; multiEval/TCL4-p20-ET23-5000k-120-7t-nsym16_02.agt.zip; 5000000; 16; 12; 12; 0.74; 0.0; 2075.487; 800.0; 0.0
0; multiEval/TCL4-p20-ET23-5000k-120-7t-nsym16_02.agt.zip; 5000000; 16; 13; 13; 0.31999999999999995; 0.0; 6.986; 0.0; 0.0
1; multiEval/TCL4-p20-ET23-5000k-120-7t-nsym16_02.agt.zip; 5000000; 16; 13; 13; 0.53; 0.0; 448.491; 100.0; 0.0
2; multiEval/TCL4-p20-ET23-5000k-120-7t-nsym16_02.agt.zip; 5000000; 16; 13; 13; 0.615; 0.0; 2925.954; 800.0; 0.0
0; multiEval/TCL4-p20-ET23-5000k-120-7t-nsym16_02.agt.zip; 5000000; 16; 14; 14; 0.26; 0.0; 7.557; 0.0; 0.0
1; multiEval/TCL4-p20-ET23-5000k-120-7t-nsym16_02.agt.zip; 5000000; 16; 14; 14; 0.43500000000000005; 0.0; 529.888; 100.0; 0.0
2; multiEval/TCL4-p20-ET23-5000k-120-7t-nsym16_02.agt.zip; 5000000; 16; 14; 14; 0.52; 0.0; 3651.453; 800.0; 0.0
0; multiEval/TCL4-p20-ET23-5000k-120-7t-nsym16_02.agt.zip; 5000000; 16; 15; 15; 0.14500000000000002; 0.0; 8.674; 0.0; 0.0
1; multiEval/TCL4-p20-ET23-5000k-120-7t-nsym16_02.agt.zip; 5000000; 16; 15; 15; 0.37; 0.0; 583.953; 100.0; 0.0
2; multiEval/TCL4-p20-ET23-5000k-120-7t-nsym16_02.agt.zip; 5000000; 16; 15; 15; 0.375; 0.0; 4559.647; 800.0; 0.0
0; multiEval/TCL4-p20-ET23-5000k-120-7t-nsym16_02.agt.zip; 5000000; 16; 16; 16; 0.07999999999999996; 0.0; 9.065; 0.0; 0.0
1; multiEval/TCL4-p20-ET23-5000k-120-7t-nsym16_02.agt.zip; 5000000; 16; 16; 16; 0.21499999999999997; 0.0; 706.399; 100.0; 0.0
2; multiEval/TCL4-p20-ET23-5000k-120-7t-nsym16_02.agt.zip; 5000000; 16; 16; 16; 0.30500000000000005; 0.0; 5095.961; 800.0; 0.0
0; multiEval/TCL4-p20-ET23-5000k-120-7t-nsym16_02.agt.zip; 5000000; 16; 17; 17; 0.040000000000000036; 0.0; 9.592; 0.0; 0.0
1; multiEval/TCL4-p20-ET23-5000k-120-7t-nsym16_02.agt.zip; 5000000; 16; 17; 17; 0.17000000000000004; 0.0; 753.194; 100.0; 0.0
2; multiEval/TCL4-p20-ET23-5000k-120-7t-nsym16_02.agt.zip; 5000000; 16; 17; 17; 0.22999999999999998; 0.0; 5651.11; 800.0; 0.0
0; multiEval/TCL4-p20-ET23-5000k-120-7t-nsym16_02.agt.zip; 5000000; 16; 18; 18; 0.030000000000000027; 0.0; 9.586; 0.0; 0.0
1; multiEval/TCL4-p20-ET23-5000k-120-7t-nsym16_02.agt.zip; 5000000; 16; 18; 18; 0.11499999999999999; 0.0; 799.931; 100.0; 0.0
2; multiEval/TCL4-p20-ET23-5000k-120-7t-nsym16_02.agt.zip; 5000000; 16; 18; 18; 0.20999999999999996; 0.0; 5746.083; 800.0; 0.0
0; multiEval/TCL4-p20-ET23-5000k-120-7t-nsym00_02.agt.zip; 5000000; 0; 1; 1; 1.0; 0.0; 0.01; 0.0; 0.0
1; multiEval/TCL4-p20-ET23-5000k-120-7t-nsym00_02.agt.zip; 5000000; 0; 1; 1; 1.0; 0.0; 0.046; 100.0; 0.0
2; multiEval/TCL4-p20-ET23-5000k-120-7t-nsym00_02.agt.zip; 5000000; 0; 1; 1; 1.0; 0.0; 1.538; 800.0; 0.0
0; multiEval/TCL4-p20-ET23-5000k-120-7t-nsym00_02.agt.zip; 5000000; 0; 2; 2; 1.0; 0.0; 0.026; 0.0; 0.0
1; multiEval/TCL4-p20-ET23-5000k-120-7t-nsym00_02.agt.zip; 5000000; 0; 2; 2; 1.0; 0.0; 0.549; 100.0; 0.0
2; multiEval/TCL4-p20-ET23-5000k-120-7t-nsym00_02.agt.zip; 5000000; 0; 2; 2; 1.0; 0.0; 3.634; 800.0; 0.0
0; multiEval/TCL4-p20-ET23-5000k-120-7t-nsym00_02.agt.zip; 5000000; 0; 3; 3; 1.0; 0.0; 0.036; 0.0; 0.0
1; multiEval/TCL4-p20-ET23-5000k-120-7t-nsym00_02.agt.zip; 5000000; 0; 3; 3; 1.0; 0.0; 1.004; 100.0; 0.0
2; multiEval/TCL4-p20-ET23-5000k-120-7t-nsym00_02.agt.zip; 5000000; 0; 3; 3; 1.0; 0.0; 5.404; 800.0; 0.0
0; multiEval/TCL4-p20-ET23-5000k-120-7t-nsym00_02.agt.zip; 5000000; 0; 4; 4; 1.0; 0.0; 0.049; 0.0; 0.0
1; multiEval/TCL4-p20-ET23-5000k-120-7t-nsym00_02.agt.zip; 5000000; 0; 4; 4; 1.0; 0.0; 1.467; 100.0; 0.0
2; multiEval/TCL4-p20-ET23-5000k-120-7t-nsym00_02.agt.zip; 5000000; 0; 4; 4; 0.99; 0.0; 10.266; 800.0; 0.0
0; multiEval/TCL4-p20-ET23-5000k-120-7t-nsym00_02.agt.zip; 5000000; 0; 5; 5; 1.0; 0.0; 0.062; 0.0; 0.0
1; multiEval/TCL4-p20-ET23-5000k-120-7t-nsym00_02.agt.zip; 5000000; 0; 5; 5; 1.0; 0.0; 1.774; 100.0; 0.0
2; multiEval/TCL4-p20-ET23-5000k-120-7t-nsym00_02.agt.zip; 5000000; 0; 5; 5; 0.995; 0.0; 11.134; 800.0; 0.0
0; multiEval/TCL4-p20-ET23-5000k-120-7t-nsym00_02.agt.zip; 5000000; 0; 6; 6; 0.985; 0.0; 0.079; 0.0; 0.0
1; multiEval/TCL4-p20-ET23-5000k-120-7t-nsym00_02.agt.zip; 5000000; 0; 6; 6; 1.0; 0.0; 2.115; 100.0; 0.0
2; multiEval/TCL4-p20-ET23-5000k-120-7t-nsym00_02.agt.zip; 5000000; 0; 6; 6; 0.995; 0.0; 14.877; 800.0; 0.0
0; multiEval/TCL4-p20-ET23-5000k-120-7t-nsym00_02.agt.zip; 5000000; 0; 7; 7; 0.89; 0.0; 0.139; 0.0; 0.0
1; multiEval/TCL4-p20-ET23-5000k-120-7t-nsym00_02.agt.zip; 5000000; 0; 7; 7; 1.0; 0.0; 2.693; 100.0; 0.0
2; multiEval/TCL4-p20-ET23-5000k-120-7t-nsym00_02.agt.zip; 5000000; 0; 7; 7; 0.995; 0.0; 17.259; 800.0; 0.0
0; multiEval/TCL4-p20-ET23-5000k-120-7t-nsym00_02.agt.zip; 5000000; 0; 8; 8; 0.7050000000000001; 0.0; 0.238; 0.0; 0.0
1; multiEval/TCL4-p20-ET23-5000k-120-7t-nsym00_02.agt.zip; 5000000; 0; 8; 8; 0.95; 0.0; 7.004; 100.0; 0.0
2; multiEval/TCL4-p20-ET23-5000k-120-7t-nsym00_02.agt.zip; 5000000; 0; 8; 8; 0.97; 0.0; 40.054; 800.0; 0.0
0; multiEval/TCL4-p20-ET23-5000k-120-7t-nsym00_02.agt.zip; 5000000; 0; 9; 9; 0.565; 0.0; 0.323; 0.0; 0.0
1; multiEval/TCL4-p20-ET23-5000k-120-7t-nsym00_02.agt.zip; 5000000; 0; 9; 9; 0.825; 0.0; 15.943; 100.0; 0.0
2; multiEval/TCL4-p20-ET23-5000k-120-7t-nsym00_02.agt.zip; 5000000; 0; 9; 9; 0.89; 0.0; 99.963; 800.0; 0.0
0; multiEval/TCL4-p20-ET23-5000k-120-7t-nsym00_02.agt.zip; 5000000; 0; 10; 10; 0.42500000000000004; 0.0; 0.392; 0.0; 0.0
1; multiEval/TCL4-p20-ET23-5000k-120-7t-nsym00_02.agt.zip; 5000000; 0; 10; 10; 0.6950000000000001; 0.0; 24.734; 100.0; 0.0
2; multiEval/TCL4-p20-ET23-5000k-120-7t-nsym00_02.agt.zip; 5000000; 0; 10; 10; 0.775; 0.0; 179.638; 800.0; 0.0
0; multiEval/TCL4-p20-ET23-5000k-120-7t-nsym00_02.agt.zip; 5000000; 0; 11; 11; 0.28500000000000003; 0.0; 0.472; 0.0; 0.0
1; multiEval/TCL4-p20-ET23-5000k-120-7t-nsym00_02.agt.zip; 5000000; 0; 11; 11; 0.525; 0.0; 35.87; 100.0; 0.0
2; multiEval/TCL4-p20-ET23-5000k-120-7t-nsym00_02.agt.zip; 5000000; 0; 11; 11; 0.7150000000000001; 0.0; 224.457; 800.0; 0.0
0; multiEval/TCL4-p20-ET23-5000k-120-7t-nsym00_02.agt.zip; 5000000; 0; 12; 12; 0.21499999999999997; 0.0; 0.493; 0.0; 0.0
1; multiEval/TCL4-p20-ET23-5000k-120-7t-nsym00_02.agt.zip; 5000000; 0; 12; 12; 0.505; 0.0; 37.576; 100.0; 0.0
2; multiEval/TCL4-p20-ET23-5000k-120-7t-nsym00_02.agt.zip; 5000000; 0; 12; 12; 0.5; 0.0; 361.992; 800.0; 0.0
0; multiEval/TCL4-p20-ET23-5000k-120-7t-nsym00_02.agt.zip; 5000000; 0; 13; 13; 0.13; 0.0; 0.548; 0.0; 0.0
1; multiEval/TCL4-p20-ET23-5000k-120-7t-nsym00_02.agt.zip; 5000000; 0; 13; 13; 0.31499999999999995; 0.0; 49.196; 100.0; 0.0
2; multiEval/TCL4-p20-ET23-5000k-120-7t-nsym00_02.agt.zip; 5000000; 0; 13; 13; 0.38; 0.0; 440.921; 800.0; 0.0
0; multiEval/TCL4-p20-ET23-5000k-120-7t-nsym00_02.agt.zip; 5000000; 0; 14; 14; 0.12; 0.0; 0.568; 0.0; 0.0
1; multiEval/TCL4-p20-ET23-5000k-120-7t-nsym00_02.agt.zip; 5000000; 0; 14; 14; 0.24; 0.0; 54.782; 100.0; 0.0
2; multiEval/TCL4-p20-ET23-5000k-120-7t-nsym00_02.agt.zip; 5000000; 0; 14; 14; 0.31000000000000005; 0.0; 481.661; 800.0; 0.0
0; multiEval/TCL4-p20-ET23-5000k-120-7t-nsym00_02.agt.zip; 5000000; 0; 15; 15; 0.09999999999999998; 0.0; 0.57; 0.0; 0.0
1; multiEval/TCL4-p20-ET23-5000k-120-7t-nsym00_02.agt.zip; 5000000; 0; 15; 15; 0.13; 0.0; 60.978; 100.0; 0.0
2; multiEval/TCL4-p20-ET23-5000k-120-7t-nsym00_02.agt.zip; 5000000; 0; 15; 15; 0.21499999999999997; 0.0; 543.036; 800.0; 0.0
0; multiEval/TCL4-p20-ET23-5000k-120-7t-nsym00_02.agt.zip; 5000000; 0; 16; 16; 0.050000000000000044; 0.0; 0.638; 0.0; 0.0
1; multiEval/TCL4-p20-ET23-5000k-120-7t-nsym00_02.agt.zip; 5000000; 0; 16; 16; 0.13; 0.0; 62.839; 100.0; 0.0
2; multiEval/TCL4-p20-ET23-5000k-120-7t-nsym00_02.agt.zip; 5000000; 0; 16; 16; 0.16000000000000003; 0.0; 582.71; 800.0; 0.0
0; multiEval/TCL4-p20-ET23-5000k-120-7t-nsym00_02.agt.zip; 5000000; 0; 17; 17; 0.025000000000000022; 0.0; 0.603; 0.0; 0.0
1; multiEval/TCL4-p20-ET23-5000k-120-7t-nsym00_02.agt.zip; 5000000; 0; 17; 17; 0.07499999999999996; 0.0; 64.785; 100.0; 0.0
2; multiEval/TCL4-p20-ET23-5000k-120-7t-nsym00_02.agt.zip; 5000000; 0; 17; 17; 0.09499999999999997; 0.0; 614.79; 800.0; 0.0
0; multiEval/TCL4-p20-ET23-5000k-120-7t-nsym00_02.agt.zip; 5000000; 0; 18; 18; 0.015000000000000013; 0.0; 0.674; 0.0; 0.0
1; multiEval/TCL4-p20-ET23-5000k-120-7t-nsym00_02.agt.zip; 5000000; 0; 18; 18; 0.06999999999999995; 0.0; 64.317; 100.0; 0.0
2; multiEval/TCL4-p20-ET23-5000k-120-7t-nsym00_02.agt.zip; 5000000; 0; 18; 18; 0.06499999999999995; 0.0; 628.27; 800.0; 0.0
0; multiEval/TCL4-p20-ET23-5000k-120-7t-nsym16_01.agt.zip; 5000000; 16; 1; 1; 1.0; 0.0; 0.105; 0.0; 0.0
1; multiEval/TCL4-p20-ET23-5000k-120-7t-nsym16_01.agt.zip; 5000000; 16; 1; 1; 1.0; 0.0; 0.137; 100.0; 0.0
2; multiEval/TCL4-p20-ET23-5000k-120-7t-nsym16_01.agt.zip; 5000000; 16; 1; 1; 1.0; 0.0; 8.188; 800.0; 0.0
0; multiEval/TCL4-p20-ET23-5000k-120-7t-nsym16_01.agt.zip; 5000000; 16; 2; 2; 1.0; 0.0; 0.332; 0.0; 0.0
1; multiEval/TCL4-p20-ET23-5000k-120-7t-nsym16_01.agt.zip; 5000000; 16; 2; 2; 1.0; 0.0; 5.259; 100.0; 0.0
2; multiEval/TCL4-p20-ET23-5000k-120-7t-nsym16_01.agt.zip; 5000000; 16; 2; 2; 1.0; 0.0; 18.021; 800.0; 0.0
0; multiEval/TCL4-p20-ET23-5000k-120-7t-nsym16_01.agt.zip; 5000000; 16; 3; 3; 1.0; 0.0; 0.348; 0.0; 0.0
1; multiEval/TCL4-p20-ET23-5000k-120-7t-nsym16_01.agt.zip; 5000000; 16; 3; 3; 1.0; 0.0; 9.277; 100.0; 0.0
2; multiEval/TCL4-p20-ET23-5000k-120-7t-nsym16_01.agt.zip; 5000000; 16; 3; 3; 1.0; 0.0; 26.959; 800.0; 0.0
0; multiEval/TCL4-p20-ET23-5000k-120-7t-nsym16_01.agt.zip; 5000000; 16; 4; 4; 1.0; 0.0; 0.496; 0.0; 0.0
1; multiEval/TCL4-p20-ET23-5000k-120-7t-nsym16_01.agt.zip; 5000000; 16; 4; 4; 1.0; 0.0; 14.521; 100.0; 0.0
2; multiEval/TCL4-p20-ET23-5000k-120-7t-nsym16_01.agt.zip; 5000000; 16; 4; 4; 1.0; 0.0; 37.914; 800.0; 0.0
0; multiEval/TCL4-p20-ET23-5000k-120-7t-nsym16_01.agt.zip; 5000000; 16; 5; 5; 0.995; 0.0; 0.693; 0.0; 0.0
1; multiEval/TCL4-p20-ET23-5000k-120-7t-nsym16_01.agt.zip; 5000000; 16; 5; 5; 1.0; 0.0; 18.002; 100.0; 0.0
2; multiEval/TCL4-p20-ET23-5000k-120-7t-nsym16_01.agt.zip; 5000000; 16; 5; 5; 1.0; 0.0; 53.589; 800.0; 0.0
0; multiEval/TCL4-p20-ET23-5000k-120-7t-nsym16_01.agt.zip; 5000000; 16; 6; 6; 1.0; 0.0; 0.814; 0.0; 0.0
1; multiEval/TCL4-p20-ET23-5000k-120-7t-nsym16_01.agt.zip; 5000000; 16; 6; 6; 1.0; 0.0; 21.802; 100.0; 0.0
2; multiEval/TCL4-p20-ET23-5000k-120-7t-nsym16_01.agt.zip; 5000000; 16; 6; 6; 1.0; 0.0; 77.982; 800.0; 0.0
0; multiEval/TCL4-p20-ET23-5000k-120-7t-nsym16_01.agt.zip; 5000000; 16; 7; 7; 0.99; 0.0; 1.036; 0.0; 0.0
1; multiEval/TCL4-p20-ET23-5000k-120-7t-nsym16_01.agt.zip; 5000000; 16; 7; 7; 1.0; 0.0; 24.615; 100.0; 0.0
2; multiEval/TCL4-p20-ET23-5000k-120-7t-nsym16_01.agt.zip; 5000000; 16; 7; 7; 1.0; 0.0; 95.697; 800.0; 0.0
0; multiEval/TCL4-p20-ET23-5000k-120-7t-nsym16_01.agt.zip; 5000000; 16; 8; 8; 0.905; 0.0; 1.827; 0.0; 0.0
1; multiEval/TCL4-p20-ET23-5000k-120-7t-nsym16_01.agt.zip; 5000000; 16; 8; 8; 0.99; 0.0; 37.194; 100.0; 0.0
2; multiEval/TCL4-p20-ET23-5000k-120-7t-nsym16_01.agt.zip; 5000000; 16; 8; 8; 0.995; 0.0; 134.931; 800.0; 0.0
0; multiEval/TCL4-p20-ET23-5000k-120-7t-nsym16_01.agt.zip; 5000000; 16; 9; 9; 0.8; 0.0; 2.849; 0.0; 0.0
1; multiEval/TCL4-p20-ET23-5000k-120-7t-nsym16_01.agt.zip; 5000000; 16; 9; 9; 0.985; 0.0; 47.772; 100.0; 0.0
2; multiEval/TCL4-p20-ET23-5000k-120-7t-nsym16_01.agt.zip; 5000000; 16; 9; 9; 0.99; 0.0; 230.54; 800.0; 0.0
0; multiEval/TCL4-p20-ET23-5000k-120-7t-nsym16_01.agt.zip; 5000000; 16; 10; 10; 0.645; 0.0; 4.294; 0.0; 0.0
1; multiEval/TCL4-p20-ET23-5000k-120-7t-nsym16_01.agt.zip; 5000000; 16; 10; 10; 0.885; 0.0; 135.34; 100.0; 0.0
2; multiEval/TCL4-p20-ET23-5000k-120-7t-nsym16_01.agt.zip; 5000000; 16; 10; 10; 0.955; 0.0; 488.225; 800.0; 0.0
0; multiEval/TCL4-p20-ET23-5000k-120-7t-nsym16_01.agt.zip; 5000000; 16; 11; 11; 0.5; 0.0; 5.517; 0.0; 0.0
1; multiEval/TCL4-p20-ET23-5000k-120-7t-nsym16_01.agt.zip; 5000000; 16; 11; 11; 0.825; 0.0; 189.9; 100.0; 0.0
2; multiEval/TCL4-p20-ET23-5000k-120-7t-nsym16_01.agt.zip; 5000000; 16; 11; 11; 0.85; 0.0; 1237.85; 800.0; 0.0
0; multiEval/TCL4-p20-ET23-5000k-120-7t-nsym16_01.agt.zip; 5000000; 16; 12; 12; 0.365; 0.0; 6.599; 0.0; 0.0
1; multiEval/TCL4-p20-ET23-5000k-120-7t-nsym16_01.agt.zip; 5000000; 16; 12; 12; 0.6699999999999999; 0.0; 324.259; 100.0; 0.0
2; multiEval/TCL4-p20-ET23-5000k-120-7t-nsym16_01.agt.zip; 5000000; 16; 12; 12; 0.83; 0.0; 1398.84; 800.0; 0.0
0; multiEval/TCL4-p20-ET23-5000k-120-7t-nsym16_01.agt.zip; 5000000; 16; 13; 13; 0.22999999999999998; 0.0; 7.87; 0.0; 0.0
1; multiEval/TCL4-p20-ET23-5000k-120-7t-nsym16_01.agt.zip; 5000000; 16; 13; 13; 0.5449999999999999; 0.0; 433.724; 100.0; 0.0
2; multiEval/TCL4-p20-ET23-5000k-120-7t-nsym16_01.agt.zip; 5000000; 16; 13; 13; 0.655; 0.0; 2686.418; 800.0; 0.0
0; multiEval/TCL4-p20-ET23-5000k-120-7t-nsym16_01.agt.zip; 5000000; 16; 14; 14; 0.21499999999999997; 0.0; 9.377; 0.0; 0.0
1; multiEval/TCL4-p20-ET23-5000k-120-7t-nsym16_01.agt.zip; 5000000; 16; 14; 14; 0.45999999999999996; 0.0; 504.762; 100.0; 0.0
2; multiEval/TCL4-p20-ET23-5000k-120-7t-nsym16_01.agt.zip; 5000000; 16; 14; 14; 0.52; 0.0; 3681.353; 800.0; 0.0
0; multiEval/TCL4-p20-ET23-5000k-120-7t-nsym16_01.agt.zip; 5000000; 16; 15; 15; 0.13; 0.0; 8.938; 0.0; 0.0
1; multiEval/TCL4-p20-ET23-5000k-120-7t-nsym16_01.agt.zip; 5000000; 16; 15; 15; 0.31499999999999995; 0.0; 633.169; 100.0; 0.0
2; multiEval/TCL4-p20-ET23-5000k-120-7t-nsym16_01.agt.zip; 5000000; 16; 15; 15; 0.35; 0.0; 4788.76; 800.0; 0.0
0; multiEval/TCL4-p20-ET23-5000k-120-7t-nsym16_01.agt.zip; 5000000; 16; 16; 16; 0.08999999999999997; 0.0; 9.012; 0.0; 0.0
1; multiEval/TCL4-p20-ET23-5000k-120-7t-nsym16_01.agt.zip; 5000000; 16; 16; 16; 0.21499999999999997; 0.0; 709.67; 100.0; 0.0
2; multiEval/TCL4-p20-ET23-5000k-120-7t-nsym16_01.agt.zip; 5000000; 16; 16; 16; 0.275; 0.0; 5353.977; 800.0; 0.0
0; multiEval/TCL4-p20-ET23-5000k-120-7t-nsym16_01.agt.zip; 5000000; 16; 17; 17; 0.06499999999999995; 0.0; 9.398; 0.0; 0.0
1; multiEval/TCL4-p20-ET23-5000k-120-7t-nsym16_01.agt.zip; 5000000; 16; 17; 17; 0.16000000000000003; 0.0; 763.089; 100.0; 0.0
2; multiEval/TCL4-p20-ET23-5000k-120-7t-nsym16_01.agt.zip; 5000000; 16; 17; 17; 0.245; 0.0; 5623.827; 800.0; 0.0
0; multiEval/TCL4-p20-ET23-5000k-120-7t-nsym16_01.agt.zip; 5000000; 16; 18; 18; 0.050000000000000044; 0.0; 9.413; 0.0; 0.0
1; multiEval/TCL4-p20-ET23-5000k-120-7t-nsym16_01.agt.zip; 5000000; 16; 18; 18; 0.14500000000000002; 0.0; 762.49; 100.0; 0.0
2; multiEval/TCL4-p20-ET23-5000k-120-7t-nsym16_01.agt.zip; 5000000; 16; 18; 18; 0.18500000000000005; 0.0; 5990.898; 800.0; 0.0
0; multiEval/TCL4-p20-ET23-5000k-120-7t-nsym00_00.agt.zip; 5000000; 0; 1; 1; 1.0; 0.0; 0.012; 0.0; 0.0
1; multiEval/TCL4-p20-ET23-5000k-120-7t-nsym00_00.agt.zip; 5000000; 0; 1; 1; 1.0; 0.0; 0.046; 100.0; 0.0
2; multiEval/TCL4-p20-ET23-5000k-120-7t-nsym00_00.agt.zip; 5000000; 0; 1; 1; 1.0; 0.0; 1.525; 800.0; 0.0
0; multiEval/TCL4-p20-ET23-5000k-120-7t-nsym00_00.agt.zip; 5000000; 0; 2; 2; 1.0; 0.0; 0.023; 0.0; 0.0
1; multiEval/TCL4-p20-ET23-5000k-120-7t-nsym00_00.agt.zip; 5000000; 0; 2; 2; 1.0; 0.0; 0.547; 100.0; 0.0
2; multiEval/TCL4-p20-ET23-5000k-120-7t-nsym00_00.agt.zip; 5000000; 0; 2; 2; 1.0; 0.0; 3.629; 800.0; 0.0
0; multiEval/TCL4-p20-ET23-5000k-120-7t-nsym00_00.agt.zip; 5000000; 0; 3; 3; 1.0; 0.0; 0.046; 0.0; 0.0
1; multiEval/TCL4-p20-ET23-5000k-120-7t-nsym00_00.agt.zip; 5000000; 0; 3; 3; 1.0; 0.0; 1.306; 100.0; 0.0
2; multiEval/TCL4-p20-ET23-5000k-120-7t-nsym00_00.agt.zip; 5000000; 0; 3; 3; 0.995; 0.0; 6.048; 800.0; 0.0
0; multiEval/TCL4-p20-ET23-5000k-120-7t-nsym00_00.agt.zip; 5000000; 0; 4; 4; 1.0; 0.0; 0.061; 0.0; 0.0
1; multiEval/TCL4-p20-ET23-5000k-120-7t-nsym00_00.agt.zip; 5000000; 0; 4; 4; 1.0; 0.0; 1.693; 100.0; 0.0
2; multiEval/TCL4-p20-ET23-5000k-120-7t-nsym00_00.agt.zip; 5000000; 0; 4; 4; 0.975; 0.0; 11.849; 800.0; 0.0
0; multiEval/TCL4-p20-ET23-5000k-120-7t-nsym00_00.agt.zip; 5000000; 0; 5; 5; 1.0; 0.0; 0.067; 0.0; 0.0
1; multiEval/TCL4-p20-ET23-5000k-120-7t-nsym00_00.agt.zip; 5000000; 0; 5; 5; 1.0; 0.0; 2.215; 100.0; 0.0
2; multiEval/TCL4-p20-ET23-5000k-120-7t-nsym00_00.agt.zip; 5000000; 0; 5; 5; 0.995; 0.0; 11.401; 800.0; 0.0
0; multiEval/TCL4-p20-ET23-5000k-120-7t-nsym00_00.agt.zip; 5000000; 0; 6; 6; 0.985; 0.0; 0.106; 0.0; 0.0
1; multiEval/TCL4-p20-ET23-5000k-120-7t-nsym00_00.agt.zip; 5000000; 0; 6; 6; 1.0; 0.0; 2.502; 100.0; 0.0
2; multiEval/TCL4-p20-ET23-5000k-120-7t-nsym00_00.agt.zip; 5000000; 0; 6; 6; 1.0; 0.0; 13.741; 800.0; 0.0
0; multiEval/TCL4-p20-ET23-5000k-120-7t-nsym00_00.agt.zip; 5000000; 0; 7; 7; 0.92; 0.0; 0.156; 0.0; 0.0
1; multiEval/TCL4-p20-ET23-5000k-120-7t-nsym00_00.agt.zip; 5000000; 0; 7; 7; 1.0; 0.0; 3.079; 100.0; 0.0
2; multiEval/TCL4-p20-ET23-5000k-120-7t-nsym00_00.agt.zip; 5000000; 0; 7; 7; 0.99; 0.0; 17.943; 800.0; 0.0
0; multiEval/TCL4-p20-ET23-5000k-120-7t-nsym00_00.agt.zip; 5000000; 0; 8; 8; 0.73; 0.0; 0.297; 0.0; 0.0
1; multiEval/TCL4-p20-ET23-5000k-120-7t-nsym00_00.agt.zip; 5000000; 0; 8; 8; 0.98; 0.0; 4.903; 100.0; 0.0
2; multiEval/TCL4-p20-ET23-5000k-120-7t-nsym00_00.agt.zip; 5000000; 0; 8; 8; 0.97; 0.0; 42.319; 800.0; 0.0
0; multiEval/TCL4-p20-ET23-5000k-120-7t-nsym00_00.agt.zip; 5000000; 0; 9; 9; 0.595; 0.0; 0.296; 0.0; 0.0
1; multiEval/TCL4-p20-ET23-5000k-120-7t-nsym00_00.agt.zip; 5000000; 0; 9; 9; 0.88; 0.0; 11.699; 100.0; 0.0
2; multiEval/TCL4-p20-ET23-5000k-120-7t-nsym00_00.agt.zip; 5000000; 0; 9; 9; 0.9; 0.0; 93.831; 800.0; 0.0
0; multiEval/TCL4-p20-ET23-5000k-120-7t-nsym00_00.agt.zip; 5000000; 0; 10; 10; 0.43500000000000005; 0.0; 0.386; 0.0; 0.0
1; multiEval/TCL4-p20-ET23-5000k-120-7t-nsym00_00.agt.zip; 5000000; 0; 10; 10; 0.735; 0.0; 21.526; 100.0; 0.0
2; multiEval/TCL4-p20-ET23-5000k-120-7t-nsym00_00.agt.zip; 5000000; 0; 10; 10; 0.775; 0.0; 177.391; 800.0; 0.0
0; multiEval/TCL4-p20-ET23-5000k-120-7t-nsym00_00.agt.zip; 5000000; 0; 11; 11; 0.35; 0.0; 0.444; 0.0; 0.0
1; multiEval/TCL4-p20-ET23-5000k-120-7t-nsym00_00.agt.zip; 5000000; 0; 11; 11; 0.56; 0.0; 33.112; 100.0; 0.0
2; multiEval/TCL4-p20-ET23-5000k-120-7t-nsym00_00.agt.zip; 5000000; 0; 11; 11; 0.6; 0.0; 301.113; 800.0; 0.0
0; multiEval/TCL4-p20-ET23-5000k-120-7t-nsym00_00.agt.zip; 5000000; 0; 12; 12; 0.20499999999999996; 0.0; 0.51; 0.0; 0.0
1; multiEval/TCL4-p20-ET23-5000k-120-7t-nsym00_00.agt.zip; 5000000; 0; 12; 12; 0.44499999999999995; 0.0; 40.736; 100.0; 0.0
2; multiEval/TCL4-p20-ET23-5000k-120-7t-nsym00_00.agt.zip; 5000000; 0; 12; 12; 0.5349999999999999; 0.0; 336.089; 800.0; 0.0
0; multiEval/TCL4-p20-ET23-5000k-120-7t-nsym00_00.agt.zip; 5000000; 0; 13; 13; 0.18500000000000005; 0.0; 0.541; 0.0; 0.0
1; multiEval/TCL4-p20-ET23-5000k-120-7t-nsym00_00.agt.zip; 5000000; 0; 13; 13; 0.32999999999999996; 0.0; 48.398; 100.0; 0.0
2; multiEval/TCL4-p20-ET23-5000k-120-7t-nsym00_00.agt.zip; 5000000; 0; 13; 13; 0.36; 0.0; 448.277; 800.0; 0.0
0; multiEval/TCL4-p20-ET23-5000k-120-7t-nsym00_00.agt.zip; 5000000; 0; 14; 14; 0.12; 0.0; 0.555; 0.0; 0.0
1; multiEval/TCL4-p20-ET23-5000k-120-7t-nsym00_00.agt.zip; 5000000; 0; 14; 14; 0.22999999999999998; 0.0; 54.287; 100.0; 0.0
2; multiEval/TCL4-p20-ET23-5000k-120-7t-nsym00_00.agt.zip; 5000000; 0; 14; 14; 0.31000000000000005; 0.0; 469.82; 800.0; 0.0
0; multiEval/TCL4-p20-ET23-5000k-120-7t-nsym00_00.agt.zip; 5000000; 0; 15; 15; 0.04500000000000004; 0.0; 0.791; 0.0; 0.0
1; multiEval/TCL4-p20-ET23-5000k-120-7t-nsym00_00.agt.zip; 5000000; 0; 15; 15; 0.14; 0.0; 59.855; 100.0; 0.0
2; multiEval/TCL4-p20-ET23-5000k-120-7t-nsym00_00.agt.zip; 5000000; 0; 15; 15; 0.22999999999999998; 0.0; 525.587; 800.0; 0.0
0; multiEval/TCL4-p20-ET23-5000k-120-7t-nsym00_00.agt.zip; 5000000; 0; 16; 16; 0.03500000000000003; 0.0; 0.63; 0.0; 0.0
1; multiEval/TCL4-p20-ET23-5000k-120-7t-nsym00_00.agt.zip; 5000000; 0; 16; 16; 0.12; 0.0; 61.748; 100.0; 0.0
2; multiEval/TCL4-p20-ET23-5000k-120-7t-nsym00_00.agt.zip; 5000000; 0; 16; 16; 0.10999999999999999; 0.0; 604.358; 800.0; 0.0
0; multiEval/TCL4-p20-ET23-5000k-120-7t-nsym00_00.agt.zip; 5000000; 0; 17; 17; 0.030000000000000027; 0.0; 0.679; 0.0; 0.0
1; multiEval/TCL4-p20-ET23-5000k-120-7t-nsym00_00.agt.zip; 5000000; 0; 17; 17; 0.09499999999999997; 0.0; 65.986; 100.0; 0.0
2; multiEval/TCL4-p20-ET23-5000k-120-7t-nsym00_00.agt.zip; 5000000; 0; 17; 17; 0.13; 0.0; 604.483; 800.0; 0.0
0; multiEval/TCL4-p20-ET23-5000k-120-7t-nsym00_00.agt.zip; 5000000; 0; 18; 18; 0.015000000000000013; 0.0; 0.656; 0.0; 0.0
1; multiEval/TCL4-p20-ET23-5000k-120-7t-nsym00_00.agt.zip; 5000000; 0; 18; 18; 0.030000000000000027; 0.0; 70.634; 100.0; 0.0
2; multiEval/TCL4-p20-ET23-5000k-120-7t-nsym00_00.agt.zip; 5000000; 0; 18; 18; 0.05500000000000005; 0.0; 638.226; 800.0; 0.0
